# d, Ees, Eex, Erep, Epol, Edisp, Eh, E
1.3,-47.49,-66.98,135.53,-17.40,-3.69,3.66,-0.03
1.4,-40.61,-48.73,96.73,-8.88,-3.22,-1.50, -4.72
1.5,-35.05,-35.24,68.72,-2.93,-2.76,-4.50, -7.26
1.6,-28.90,-21.83,41.59,2.70,-2.16,-6.43,  -8.60
1.8,-24.15,-12.94,24.12,6.26,-1.63,-6.71,  -8.34
2.0,-19.85,-6.51,11.83,8.66,-1.12,-5.87,   -6.99
2.2,-16.87,-3.23,5.75,9.86,-0.77,-4.49,    -5.26
2.5,-13.65,-1.11,1.92,9.95,-0.44,-2.88,    -3.33
2.8,-11.36,-0.38,0.64,9.25,-0.26,-1.85,    -2.11
3.1,-9.70,-0.13,0.21,8.56,-0.16,-1.06,     -1.22
3.5,-8.07,-0.03,0.05,7.63,-0.09,-0.42,     -0.51
4.0,-6.61,0.00,0.01,6.52,-0.05,-0.09,      -0.13
4.5,-5.45,0.00,0.00,5.38,-0.02,-0.07,      -0.09
5.0,-4.56,0.00,0.00,4.51,-0.01,-0.05,      -0.07
6.0,-3.34,0.00,0.00,3.30,0.00,-0.04,       -0.04
7.0,-2.56,0.00,0.00,2.53,0.00,-0.03,       -0.03
8.0,-2.02,0.00,0.00,2.00,0.00,-0.02,       -0.02
9.0,-1.64,0.00,0.00,1.62,0.00,-0.02,       -0.02
10.0,-1.35,0.00,0.00,1.34,0.00,-0.02,      -0.01
